#iter   time                    x         y         z      curl_n  polarity     eig0_re     eig0_im     eig1_re     eig1_im  type
0       7.322257e-04     -20.1756  -49.1198  -50.0000     -0.0001      -1.0      0.0002      0.0000     -0.0001      0.0000  saddle
0       7.322257e-04      34.5086  -49.4920  -50.0000     -0.0000      -1.0     -0.0001      0.0000      0.0001      0.0000  saddle
0       7.322257e-04       9.1925   47.3941  -50.0000      0.0000      -1.0     -0.0001      0.0000     -0.0001      0.0000  sink
0       7.322257e-04       1.4146   49.9282  -50.0000      0.0000      -1.0      0.0001      0.0000     -0.0001      0.0000  saddle
0       7.322257e-04      -5.2807   48.5762  -50.0000     -0.0001      -1.0     -0.0000      0.0000     -0.0000     -0.0000  spiral sink
0       7.322257e-04     -28.4798   49.0903  -50.0000      0.0000      -1.0      0.0001      0.0000     -0.0000      0.0000  saddle
0       7.322257e-04      -4.1656   44.5103  -50.0000     -0.0001      -1.0     -0.0001      0.0000     -0.0001     -0.0000  spiral sink
0       7.322257e-04      18.0425   42.9568  -50.0000      0.0000      -1.0     -0.0000      0.0000      0.0001      0.0000  saddle
0       7.322257e-04     -43.9958  -28.7395  -50.0000      0.0001      -1.0     -0.0002      0.0000      0.0002      0.0000  saddle
0       7.322257e-04     -44.6215  -34.8969  -50.0000     -0.0000      -1.0      0.0002      0.0000     -0.0003      0.0000  saddle
0       7.322257e-04       6.2480  -17.9305  -50.0000      0.0001      -1.0      0.0001      0.0000     -0.0001      0.0000  saddle
0       7.322257e-04      -0.3411   -5.1871  -50.0000      0.0000      -1.0     -0.0000      0.0000      0.0001      0.0000  saddle
0       7.322257e-04      -1.5180   -7.9786  -50.0000      0.0000      -1.0      0.0001      0.0000     -0.0001      0.0000  saddle
0       7.322257e-04      -3.6102    0.6928  -50.0000      0.0001      -1.0      0.0000      0.0000      0.0000     -0.0000  spiral source
0       7.322257e-04       9.2445   16.6740  -50.0000     -0.0001      -1.0     -0.0001      0.0000      0.0000      0.0000  saddle
0       7.322257e-04       1.9145  -25.9780  -50.0000     -0.0000      -1.0     -0.0001      0.0000      0.0001      0.0000  saddle
0       7.322257e-04       3.8019  -27.9254  -50.0000      0.0000      -1.0     -0.0001      0.0000      0.0001      0.0000  saddle
0       7.322257e-04      19.4544  -20.5408  -50.0000      0.0000      -1.0     -0.0001      0.0000      0.0001      0.0000  saddle
0       7.322257e-04      26.1297   13.9260  -50.0000     -0.0000      -1.0      0.0001      0.0000     -0.0001      0.0000  saddle
0       7.322257e-04       7.3361   23.7995  -50.0000      0.0000      -1.0     -0.0001      0.0000      0.0000      0.0000  saddle
0       7.322257e-04     -16.0335   17.3388  -50.0000      0.0001      -1.0      0.0000      0.0000      0.0000     -0.0000  spiral source
0       7.322257e-04     -27.6387   18.8096  -50.0000      0.0001      -1.0     -0.0000      0.0001     -0.0000     -0.0001  spiral sink
0       7.322257e-04     -12.1100    4.3300  -50.0000     -0.0000      -1.0     -0.0001      0.0000      0.0001      0.0000  saddle
0       7.322257e-04      29.0166   -5.8637  -50.0000     -0.0001      -1.0      0.0001      0.0000      0.0001      0.0000  source
0       7.322257e-04      24.1443   -5.1653  -50.0000      0.0000      -1.0      0.0001      0.0000      0.0000      0.0000  source
0       7.322257e-04     -29.7967   31.1111  -50.0000      0.0000      -1.0      0.0001      0.0000     -0.0002      0.0000  saddle
0       7.322257e-04      19.7772   -1.0767  -50.0000     -0.0001      -1.0     -0.0001      0.0000      0.0001      0.0000  saddle
0       7.322257e-04       7.5062   36.4560  -50.0000      0.0000      -1.0      0.0001      0.0000      0.0001      0.0000  source
0       7.322257e-04     -31.2208   20.8362  -50.0000     -0.0001      -1.0     -0.0002      0.0000      0.0000      0.0000  saddle
0       7.322257e-04     -25.3229  -16.7954  -50.0000     -0.0000      -1.0     -0.0001      0.0000      0.0001      0.0000  saddle
0       7.322257e-04     -17.3421  -24.6156  -50.0000     -0.0000      -1.0     -0.0002      0.0000      0.0000      0.0000  saddle
0       7.322257e-04     -27.7459  -22.8297  -50.0000      0.0001      -1.0      0.0002      0.0000     -0.0001      0.0000  saddle
0       7.322257e-04     -16.0867    8.7971  -50.0000      0.0000      -1.0      0.0000      0.0000     -0.0001      0.0000  saddle
0       7.322257e-04      21.6964   -4.3582  -50.0000      0.0000      -1.0     -0.0000      0.0000      0.0001      0.0000  saddle
0       7.322257e-04      -7.0141    9.2497  -50.0000     -0.0001      -1.0     -0.0001      0.0000      0.0001      0.0000  saddle
0       7.322257e-04      -8.6753    6.8182  -50.0000     -0.0000      -1.0     -0.0001      0.0000     -0.0001      0.0000  sink
0       7.322257e-04      -3.1474  -20.5718  -50.0000      0.0000      -1.0      0.0000      0.0000      0.0001      0.0000  source
0       7.322257e-04      -5.2527  -18.7598  -50.0000     -0.0000      -1.0      0.0001      0.0000     -0.0001      0.0000  saddle
0       7.322257e-04     -10.0926  -29.0243  -50.0000     -0.0001      -1.0      0.0000      0.0000      0.0002      0.0000  source
0       7.322257e-04      11.2807   -0.8302  -50.0000     -0.0000      -1.0     -0.0001      0.0000     -0.0001      0.0000  sink
0       7.322257e-04      -4.6754   33.1173  -50.0000      0.0000      -1.0      0.0001      0.0000      0.0001      0.0000  source
0       7.322257e-04     -14.4880   -8.2691  -50.0000      0.0001      -1.0      0.0001      0.0000     -0.0000      0.0000  saddle
0       7.322257e-04     -39.9814    8.9227  -50.0000     -0.0001      -1.0      0.0000      0.0001      0.0000     -0.0001  spiral source
0       7.322257e-04     -17.4468   30.3095  -50.0000      0.0000      -1.0      0.0001      0.0000     -0.0001      0.0000  saddle
0       7.322257e-04     -11.7942   37.6603  -50.0000      0.0001      -1.0      0.0001      0.0000     -0.0001      0.0000  saddle
0       7.322257e-04      41.9855   23.9222  -50.0000      0.0000      -1.0      0.0001      0.0000     -0.0001      0.0000  saddle
0       7.322257e-04     -38.1517  -35.1127  -50.0000     -0.0001      -1.0     -0.0003      0.0000      0.0002      0.0000  saddle
0       7.322257e-04     -26.5291  -46.3315  -50.0000      0.0000      -1.0     -0.0001      0.0000      0.0002      0.0000  saddle
0       7.322257e-04     -39.0747   33.2974  -50.0000     -0.0000      -1.0     -0.0002      0.0000      0.0001      0.0000  saddle
0       7.322257e-04      40.7438   25.4525  -50.0000     -0.0000      -1.0     -0.0001      0.0000      0.0001      0.0000  saddle
0       7.322257e-04     -36.2562   20.4724  -50.0000      0.0000      -1.0     -0.0001      0.0000      0.0002      0.0000  saddle
0       7.322257e-04       0.5528  -48.7658   50.0000      0.0000       1.0     -0.0001      0.0000     -0.0000      0.0000  sink
0       7.322257e-04      41.2959  -47.8740   50.0000      0.0000       1.0      0.0000      0.0000     -0.0001      0.0000  saddle
0       7.322257e-04      47.8945  -38.8471   50.0000     -0.0000       1.0      0.0001      0.0000     -0.0002      0.0000  saddle
0       7.322257e-04      48.7624  -32.0188   50.0000     -0.0000       1.0      0.0001      0.0000     -0.0001      0.0000  saddle
0       7.322257e-04      48.4447  -25.5329   50.0000     -0.0000       1.0      0.0001      0.0000     -0.0001      0.0000  saddle
0       7.322257e-04      20.3131   46.3357   50.0000     -0.0000       1.0     -0.0001      0.0000      0.0000      0.0000  saddle
0       7.322257e-04     -49.1754   38.9802   50.0000      0.0002       1.0      0.0000      0.0001      0.0000     -0.0001  spiral source
0       7.322257e-04     -47.4548   24.5550   50.0000     -0.0001       1.0     -0.0001      0.0000      0.0001      0.0000  saddle
0       7.322257e-04     -45.8381   -5.1929   50.0000      0.0000       1.0      0.0000      0.0000     -0.0001      0.0000  saddle
0       7.322257e-04     -47.8529   -8.9698   50.0000      0.0000       1.0     -0.0000      0.0000      0.0001      0.0000  saddle
0       7.322257e-04     -46.8794  -13.8799   50.0000      0.0001       1.0      0.0000      0.0000      0.0000     -0.0000  spiral source
0       7.322257e-04       5.3540  -42.4405   50.0000     -0.0001       1.0     -0.0001      0.0000      0.0001      0.0000  saddle
0       7.322257e-04      -1.0924   44.4493   50.0000     -0.0000       1.0      0.0002      0.0000     -0.0000      0.0000  saddle
0       7.322257e-04     -20.8030  -44.8112   50.0000      0.0000       1.0      0.0001      0.0000     -0.0001      0.0000  saddle
0       7.322257e-04      43.6742   15.3281   50.0000      0.0001       1.0      0.0002      0.0000     -0.0002      0.0000  saddle
0       7.322257e-04     -43.0995  -17.9122   50.0000     -0.0001       1.0     -0.0001      0.0000     -0.0001     -0.0000  spiral sink
0       7.322257e-04      34.3452  -41.9532   50.0000      0.0000       1.0     -0.0001      0.0000      0.0001      0.0000  saddle
0       7.322257e-04      29.2510   43.4679   50.0000      0.0001       1.0      0.0002      0.0000     -0.0000      0.0000  saddle
0       7.322257e-04     -11.2919  -44.3752   50.0000     -0.0000       1.0      0.0001      0.0000     -0.0001      0.0000  saddle
0       7.322257e-04      44.1953  -10.1872   50.0000     -0.0001       1.0     -0.0001      0.0000      0.0001      0.0000  saddle
0       7.322257e-04      19.1785  -22.8809   50.0000     -0.0001       1.0      0.0001      0.0000     -0.0001      0.0000  saddle
0       7.322257e-04      12.9622  -16.1683   50.0000      0.0001       1.0     -0.0001      0.0000      0.0002      0.0000  saddle
0       7.322257e-04      11.6369  -14.3602   50.0000      0.0000       1.0      0.0002      0.0000     -0.0001      0.0000  saddle
0       7.322257e-04      -4.7649    4.8296   50.0000      0.0001       1.0      0.0001      0.0000     -0.0002      0.0000  saddle
0       7.322257e-04      15.5866   -8.6710   50.0000      0.0000       1.0     -0.0001      0.0000      0.0002      0.0000  saddle
0       7.322257e-04      19.0741   10.7655   50.0000      0.0001       1.0      0.0001      0.0000     -0.0002      0.0000  saddle
0       7.322257e-04      16.9544   10.0661   50.0000      0.0000       1.0      0.0002      0.0000     -0.0002      0.0000  saddle
0       7.322257e-04      20.2451   11.4190   50.0000      0.0000       1.0     -0.0002      0.0000      0.0000      0.0000  saddle
0       7.322257e-04      18.1980   18.8919   50.0000      0.0000       1.0      0.0001      0.0000      0.0003      0.0000  source
0       7.322257e-04      20.2766    8.4707   50.0000     -0.0001       1.0      0.0001      0.0000      0.0002      0.0000  source
0       7.322257e-04       7.4897   21.4158   50.0000     -0.0001       1.0     -0.0002      0.0000      0.0002      0.0000  saddle
0       7.322257e-04      -5.8733   16.5473   50.0000     -0.0001       1.0     -0.0001      0.0000      0.0001      0.0000  saddle
0       7.322257e-04     -11.7292   25.9504   50.0000      0.0000       1.0      0.0002      0.0000     -0.0001      0.0000  saddle
0       7.322257e-04      -9.7184   -1.6436   50.0000      0.0001       1.0      0.0000      0.0000      0.0002      0.0000  source
0       7.322257e-04      30.4603   25.4452   50.0000     -0.0002       1.0     -0.0001      0.0001     -0.0001     -0.0001  spiral sink
0       7.322257e-04      25.6957   29.4886   50.0000      0.0002       1.0     -0.0001      0.0001     -0.0001     -0.0001  spiral sink
0       7.322257e-04      24.0405   -1.4050   50.0000     -0.0001       1.0     -0.0002      0.0000     -0.0001      0.0000  sink
0       7.322257e-04      24.1340   -3.7027   50.0000      0.0001       1.0      0.0002      0.0000     -0.0001      0.0000  saddle
0       7.322257e-04     -31.5850   27.8921   50.0000      0.0000       1.0     -0.0002      0.0000      0.0001      0.0000  saddle
0       7.322257e-04       9.8847  -36.0150   50.0000     -0.0000       1.0     -0.0000      0.0000     -0.0001      0.0000  sink
0       7.322257e-04      32.1352   36.2631   50.0000     -0.0001       1.0     -0.0000      0.0000      0.0002      0.0000  saddle
0       7.322257e-04     -24.5247  -14.0437   50.0000      0.0000       1.0      0.0001      0.0000      0.0000      0.0000  source
0       7.322257e-04     -23.7185  -23.1694   50.0000     -0.0001       1.0     -0.0000      0.0000     -0.0001      0.0000  sink
0       7.322257e-04     -23.6245  -24.6539   50.0000     -0.0001       1.0     -0.0000      0.0000     -0.0000      0.0000  sink
0       7.322257e-04      29.6668  -17.7863   50.0000      0.0002       1.0      0.0002      0.0000      0.0000      0.0000  source
0       7.322257e-04      39.6224    2.1362   50.0000      0.0001       1.0     -0.0001      0.0000      0.0001      0.0000  saddle
0       7.322257e-04      -6.4562  -20.0504   50.0000      0.0000       1.0      0.0001      0.0000     -0.0001      0.0000  saddle
0       7.322257e-04      -6.6497  -19.3894   50.0000      0.0000       1.0     -0.0001      0.0000      0.0001      0.0000  saddle
0       7.322257e-04      -6.2595  -13.2052   50.0000      0.0001       1.0     -0.0001      0.0000      0.0000      0.0000  saddle
0       7.322257e-04      -6.2754  -27.3098   50.0000      0.0000       1.0     -0.0001      0.0000     -0.0000      0.0000  sink
0       7.322257e-04      38.2764  -39.3963   50.0000     -0.0001       1.0     -0.0001      0.0000     -0.0000      0.0000  sink
0       7.322257e-04      10.0582   26.5443   50.0000      0.0001       1.0     -0.0001      0.0000     -0.0002      0.0000  sink
0       7.322257e-04       9.2983   -1.9595   50.0000     -0.0001       1.0      0.0001      0.0000     -0.0002      0.0000  saddle
0       7.322257e-04      15.9126   30.9054   50.0000      0.0001       1.0      0.0000      0.0000      0.0002      0.0000  source
0       7.322257e-04       8.7636  -37.7330   50.0000     -0.0000       1.0      0.0001      0.0000     -0.0001      0.0000  saddle
0       7.322257e-04      -2.6030  -37.5557   50.0000     -0.0001       1.0     -0.0000      0.0000      0.0001      0.0000  saddle
0       7.322257e-04     -19.8482   38.1804   50.0000      0.0000       1.0      0.0001      0.0000      0.0002      0.0000  source
0       7.322257e-04      40.2323   -0.6175   50.0000     -0.0000       1.0      0.0002      0.0000     -0.0001      0.0000  saddle
0       7.322257e-04      22.6274   40.4729   50.0000      0.0000       1.0     -0.0000      0.0000     -0.0001      0.0000  sink
0       7.322257e-04      24.0938   36.3697   50.0000     -0.0001       1.0     -0.0001      0.0000      0.0002      0.0000  saddle
0       7.322257e-04     -24.4828   44.1824   50.0000     -0.0002       1.0     -0.0001      0.0001     -0.0001     -0.0001  spiral sink
0       7.322257e-04     -29.2017   42.4325   50.0000     -0.0000       1.0     -0.0002      0.0000      0.0001      0.0000  saddle
0       7.322257e-04      38.3738   14.6828   50.0000      0.0000       1.0     -0.0001      0.0000      0.0002      0.0000  saddle
0       7.322257e-04     -41.2400   -9.8452   50.0000      0.0001       1.0     -0.0001      0.0000      0.0001      0.0000  saddle
0       7.322257e-04     -34.2989  -23.1203   50.0000     -0.0001       1.0      0.0000      0.0000      0.0000     -0.0000  spiral source
0       7.322257e-04     -44.2690  -24.0709   50.0000     -0.0000       1.0     -0.0001      0.0000      0.0000      0.0000  saddle
0       7.322257e-04     -39.9334  -36.6420   50.0000     -0.0001       1.0     -0.0001      0.0000      0.0001      0.0000  saddle
0       7.322257e-04     -36.5260   29.5062   50.0000     -0.0000       1.0      0.0001      0.0000     -0.0001      0.0000  saddle
0       7.322257e-04      -0.8303   40.8150   50.0000     -0.0001       1.0      0.0000      0.0000      0.0001      0.0000  source
